0
0
0
0
0
0
0
0
0
0
0
0
0
0
0
0
0
0
0
0
0
0
0
0
0
0
0
0
0
0
0
0
0
0
0
0
0
0
0
0
0
0
0
0
0
0
0
0
0
0
0
0
0
0
0
0
0
0
0
0
0
0
0
0
0
0
0
0
0
0
0
0
0
0
0
0
0
0
0
0
0
0
0
0
0
0
0
0
0
0
0
0
0
0
0
0
0
0
0
0
0
0
0
0
0
0
0
0
0
0
0
0
0
0
0
-1.360513
-1.360513
-0.1562887
-0.1562887
-1.153261
-1.153261
-0.1846811
-0.1846811
-0.5606101
-0.5606101
-0.5769766
-0.5769766
0.1911151
0.1911151
-0.7557979
-0.7557979
-0.8764961
-0.8764961
-1.633124
-1.633124
2.059954
2.059954
0.5046114
0.5046114
-0.7806019
-0.7806019
-0.3256154
-0.3256154
-0.8511064
-0.5041262
-1.343007
-1.343007
-1.462119
-1.462119
-0.7182325
-0.7182325
-0.4107788
-0.4107788
-0.1538569
-0.1538569
-1.110971
-1.110971
-1.087205
-1.087205
-0.6744661
-0.6744661
-0.1233463
-0.1233463
-1.082159
-1.082159
-0.3125823
-0.3125823
0.8889083
0.8889083
-0.1463009
-0.1463009
-3.316088
-3.316088
-1.571275
-1.571275
-2.116834
-2.116834
0.4689994
0.4689994
-2.282204
-2.282204
-0.8332788
-0.9259114
-0.8566428
-0.8566428
-0.5496719
-0.5496719
-1.755889
-1.755889
-0.1052319
-0.1052319
-0.3846975
-0.3846975
-1.307793
-1.307793
-0.4552068
-0.4552068
-1.630438
-1.630438
-1.5214
-1.5214
-1.324188
-1.324188
-1.109411
-1.109411
-1.02153
-1.02153
-1.020953
-1.020953
0.7468681
0.7468681
-1.737003
-1.737003
-0.1238998
-0.1238998
-0.6464219
-0.6464219
-1.830379
-1.830379
-0.9133829
-0.4664751
0.4265288
0.4265288
0.05786521
0.05786521
-1.456403
-1.456403
-0.7001297
-0.7001297
-2.149544
-2.149544
-0.5361554
-0.5361554
0.6682497
0.6682497
0.1251859
0.1251859
-0.1252494
-0.1252494
-1.341383
-1.341383
-0.6380126
-0.6380126
-2.729091
-2.729091
-0.147433
-0.147433
-0.6584368
-0.6584368
-1.335763
-1.335763
-1.260843
-1.260843
0.7321151
-1.368105
-1.368105
-0.7245941
-1.646408
-1.137016
-1.137016
-2.347579
-2.347579
0.955008
0.955008
-1.296606
-1.296606
-0.4945076
-0.4945076
-0.3746136
-0.3746136
-0.2642447
-0.2642447
-0.3163794
-0.3163794
-1.212456
-1.212456
0.09004973
0.09004973
-0.9854336
-0.9854336
-1.835413
-1.835413
-1.289485
-1.289485
-1.521994
-1.521994
-0.751265
-0.751265
-0.2583072
-0.2583072
-1.192163
-1.208952
-0.09950927
-0.09950927
-1.037102
-1.037102
-1.458879
-1.458879
0.1033623
0.1033623
-0.1435093
-0.1435093
0.8314996
0.8314996
-0.9630151
-0.9630151
-3.652519
-3.652519
-0.9351888
-0.9351888
-0.639591
-0.639591
-2.926513
-2.926513
0.1562713
0.1562713
-0.9856561
-0.9856561
-0.4839666
-0.4839666
-0.2770632
-0.2770632
-1.205009
-1.205009
-0.8035771
-0.8035771
-0.3435964
-0.3435964
-0.80067
-0.80067
-3.125076
-3.125076
-1.12818
-1.12818
-1.011536
-1.011536
-1.544908
-1.544908
-0.7660408
-0.7660408
-0.8683537
-0.8683537
-1.535859
-1.535859
-1.929271
-1.929271
0.7133426
0.7133426
-1.674865
-1.674865
-0.4725395
-0.4725395
-0.7806454
-0.7806454
-2.773393
-2.773393
0.9261783
0.9261783
-1.035874
-1.035874
-0.8012186
-0.8012186
-0.9769112
-0.9769112
-1.192257
-1.192257
-0.8695935
-0.8695935
-1.411785
-1.411785
-1.882429
-1.672243
-1.359854
-1.359854
0.1002994
0.1002994
-0.7739587
-0.7739587
-1.575132
-1.575132
-0.1018974
-0.1018974
-0.1943028
-0.1943028
3.781823
3.781823
0.6084821
0.6084821
-8.025593
-8.025593
-5.730372
-5.730372
2.58994
2.58994
-1.265704
-1.265704
-5.930279
-5.930279
-8.436951
-8.436951
-4.267351
-4.267351
-4.279798
-4.279798
1.737291
1.737291
5.156799
5.156799
9.029507
9.029507
5.622517
5.622517
4.896371
6.411848
2.453819
2.453819
-9.457642
-9.457642
-2.167272
-2.167272
-20.04123
-20.04123
-0.9004624
-0.9004624
-10.82652
-10.82652
13.49346
13.49346
7.118794
7.118794
0.7750119
0.7750119
-11.20025
-11.20025
6.471272
6.471272
2.449692
2.449692
1.758992
1.758992
-13.70769
-13.70769
-1.941283
-1.941283
26.96461
26.96461
1.960255
-1.841871
-2.351502
-2.351502
-4.179622
-2.600223
-30.70047
-30.70047
4.501491
4.501491
23.9558
-0.8475994
-0.8475994
-9.232771
-9.232771
-9.232771
-0.000600222
6.750487
6.750487
-8.803916
-8.803916
-6.798305
-6.798305
-2.490162
-2.490162
1.431975
1.431975
-5.7591
-5.7591
8.648963
8.648963
-11.06227
-11.06227
-0.9826001
-0.9826001
-4.17345
-4.17345
-8.847353
-8.847353
1.984875
1.984875
-40.79745
-0.3483826
0.9620318
0.9620318
0.510488
0.510488
8.417511
8.417511
-1.910916
-1.910916
28.64012
28.64012
3.915948
3.915948
-5.676373
-5.676373
0.4758381
0.4758381
-7.512024
-7.512024
0.8524008
0.8524008
3.441576
3.441576
-7.536795
-7.536795
-14.20457
-14.20457
16.55558
16.55558
8.90263
8.90263
2.147877
2.147877
-17.49169
-17.49169
-7.05426
-7.05426
-3.233905
-3.233905
8.754945
8.754945
-37.85017
-37.85017
-1.232515
-1.232515
1.107628
1.107628
3.211012
3.211012
-11.13161
-11.13161
-1.84968
-1.84968
-1.851193
-1.851193
-5.850752
-5.850752
-2.220587
-2.220587
-6.504063
-6.504063
2.954385
2.954385
5.175701
5.175701
2.5106
2.5106
11.7915
11.7915
0.1395835
0.1395835
1.728132
1.728132
-13.81436
-13.81436
11.36092
13.03594
-1.651364
-1.651364
2.680116
2.680116
17.19708
17.19708
3.559927
3.559927
-5.688003
-5.688003
-2.1491
-2.1491
-5.878297
-5.878297
7.19319
7.19319
-2.087667
-2.087667
-8.060343
-8.060343
-1.59537
-1.59537
-20.56305
-20.56305
1.466342
1.466342
-7.409511
-7.409511
10.49544
10.49544
0.996406
0.996406
5.390381
5.390381
1.691844
1.691844
-10.29149
-4.083035
-34.32517
-34.32517
-2.248985
-2.248985
3.497356
3.497356
2.844327
2.844327
-0.8138347
-0.8138347
-1.300377
-1.300377
4.33464
4.33464
-5.745659
-5.745659
-1.33767
-1.33767
-1.188532
-1.188532
-5.063939
-5.063939
-0.4165475
-0.4165475
18.7108
18.7108
17.43492
17.43492
-8.65672
-8.65672
-5.762904
-5.762904
-2.563313
-2.563313
-1.056968
-1.056968
8.204331
8.204331
-2.287552
-2.287552
-4.6717
1.891162
3.342076
3.342076
-6.565879
-6.565879
-3.426934
-3.426934
12.95069
-18.59882
-18.59882
-18.59882
3.733516
-8.301976
-8.301976
-0.396031
-0.396031
-7.499824
-7.499824
-13.33462
-13.33462
-4.592176
-4.592176
-12.01215
-12.01215
-1.030815
-1.030815
0.5965651
0.5965651
3.96507
3.96507
7.131915
7.131915
-2.578269
0.8830744
-11.03705
-11.03705
6.043663
9.605752
7.783723
7.783723
0.9781781
0.9781781
1.083954
1.083954
4.629742
4.629742
-9.90365
-9.90365
-9.009069
-9.009069
-2.963042
-2.963042
-9.837576
-9.837576
-7.40154
-7.40154
-3.312861
-3.312861
-3.131252
-3.131252
-9.095359
-9.095359
4.856553
4.856553
-5.866582
-5.866582
-14.37114
-14.37114
0.937058
0.937058
-3.503967
-3.503967
3.89792
3.89792
-22.27431
-24.04639
-4.345833
-4.345833
7.321047
7.321047
5.718087
5.718087
-14.0306
-14.0306
7.243742
7.243742
6.509707
6.509707
5.717564
5.717564
9.37557
9.37557
-5.220463
-5.220463
-2.616934
-2.616934
-3.14028
-3.14028
22.74258
22.74258
12.54156
12.54156
-0.04523173
-0.04523173
-8.140398
-8.140398
14.86277
14.86277
2.300111
-9.34848
2.807058
2.807058
-51.69854
-2.074951
2.481658
2.481658
0.9918093
0.9918093
5.243652
5.243652
-28.34293
-28.34293
4.469539
4.469539
-2.130794
-2.130794
6.633043
6.633043
1.304016
1.304016
2.138986
2.138986
10.71911
10.71911
-0.9376251
-0.9376251
-0.0155999
-0.0155999
25.38894
25.38894
2.357412
2.357412
-0.8999672
-0.8999672
-5.748153
-5.748153
-0.6907048
-0.6907048
-3.286788
-3.286788
-4.271171
-4.271171
-1.296109
-1.296109
0.09048945
0.09048945
0.9300173
0.9300173
0.2447982
0.2447982
-3.687332
-3.687332
-1.438084
-1.438084
2.41085
2.41085
0.9270696
0.9270696
-2.447438
-2.447438
-1.983222
-1.983222
-2.109047
-2.109047
-1.524647
-1.524647
-2.217653
-2.217653
-0.3420283
-0.3420283
-1.172483
-1.172483
1.120994
1.120994
6.210448
6.210448
-2.320008
-2.320008
0.07650797
-0.8266323
-1.293678
-1.293678
-0.830419
-0.830419
-2.9958
-2.9958
-2.01261
-2.01261
1.901672
1.901672
-2.305122
-2.305122
-1.224964
-1.224964
2.365967
-2.719233
-2.719233
-2.810671
-2.810671
0.01143345
0.01143345
-0.4225414
-0.4225414
-0.6501862
-0.6501862
-0.3349385
-0.3349385
-0.6813821
-0.6813821
-0.7530785
-0.7530785
-0.394729
-0.394729
-2.354702
-2.354702
-0.9955307
-0.9955307
-0.7068132
-0.7068132
-0.558534
-0.397945
0.01024636
0.01024636
-2.526724
-2.526724
-0.5101181
-0.5101181
-1.136766
-1.136766
-0.516538
-0.516538
-0.390235
-0.390235
-1.374688
-1.374688
-0.9894714
-0.9894714
-1.556497
-1.556497
-1.093736
-1.093736
-1.314677
-1.314677
-1.704
-1.704
-0.369061
-0.369061
-0.4380342
-0.4380342
-0.1283644
-0.1283644
-1.282997
-1.282997
-1.23792
-0.07600289
-0.6771061
-0.6771061
-0.8077996
-0.8077996
-1.030521
-1.030521
-0.5667586
-0.5667586
-0.9181413
-0.9181413
-0.2270352
-0.2270352
-0.462795
-0.462795
-1.142458
-1.142458
-1.05728
-1.05728
-0.1899
-0.1899
0.6074868
0.6074868
-1.268328
-1.268328
-1.130276
-1.130276
-0.05546533
-0.05546533
-1.42461
-1.42461
-0.6653981
-0.6653981
-0.3778481
-0.3778481
-1.757222
-1.757222
-0.3719974
-0.3719974
-1.358258
-1.358258
0.6543528
0.6543528
-1.057851
-1.057851
-0.9054245
-0.9054245
-0.2662348
-0.2662348
-1.158641
-1.158641
-3.813699
-3.813699
-4.271966
-4.271966
-0.9687364
-0.9687364
-0.40037
-0.40037
-0.5849632
-0.5849632
-0.5240124
-0.5240124
-0.8891767
-0.8891767
-1.865427
-1.865427
-0.993539
-0.993539
-0.5020527
-0.5020527
-0.3725909
-0.3725909
-2.341589
-2.341589
0.5636653
0.6195109
-0.2599608
-0.2599608
-0.8947867
-1.004328
-0.6797421
-0.6797421
-0.8046924
-0.8046924
-0.8512576
-0.8512576
-0.7806346
-0.7806346
-0.1747758
-0.1747758
-1.700086
-1.700086
-1.222249
-1.222249
-0.1509378
-0.1509378
-0.6051762
-0.6051762
-0.8201165
-0.8201165
-2.011203
-2.011203
-0.8339048
-0.8339048
-0.7605643
-0.7605643
-1.2176
-1.2176
-2.363162
-2.363162
-0.3025393
-0.3025393
-2.352667
-2.352667
-0.8215373
-0.8215373
-0.3313744
-0.7515885
-0.8389463
-0.8389463
-0.3414169
-0.3414169
0.01003984
0.01003984
